1.命令：watch  监视命令的执行结果
  参数：   -d 高亮显示差异
          -n 监视间隔
  实例：监视cpu中断
  watch -d cat /proc/softirqs
                      CPU0       CPU1       CPU2       CPU3       CPU4       CPU5       CPU6       CPU7
          HI:          0          0          0          0          0          0          0          0
       TIMER:  159538276  229957234  225061632  247967039  324699532  315791675  457239689  295499904
      NET_TX:          5     709155         46         33        113         89        128         34
      NET_RX:        380   73990231   95182569  149096985  240403943  242691449  387433262   94610717
       BLOCK:    1931540    4822145    4577098    1773171    2848499    2369229    3527383    1919962
BLOCK_IOPOLL:          0          0          0          0          0          0          0          0
     TASKLET:          6     285803     282666     517245     294675     407508    2385818     343247
       SCHED:   41690011   62588599   66676122   61223458   97922655   87304630  161295991   85721864
     HRTIMER:          0          0          0          0          0          0          0          0
         RCU:   80908870  117327443  117988079  127014449  177268129  173599130  243095381  173262160
   页面一段时间刷新一次，并且高亮显示差异项。
   
